3,2
10,277
10,258
10,35
10,171
10,82
10,219
10,235
10,189
9,5
8,15
8,17
8,11
8,4
8,14
8,2
8,3
20,3
20,2
20,1
19,3
19,2
19,1
12,3
12,2
12,1
11,30
11,29
11,28
11,27
11,26
11,25
11,24
11,23
11,22
11,21
11,20
11,19
11,18
11,17
11,16
11,14
11,13
11,11
11,8
11,7
11,6
11,5
11,4
11,3
11,2
11,1
10,316
10,315
10,314
10,313
10,312
10,311
10,310
10,309
10,308
10,307
10,306
10,305
10,304
10,303
10,302
10,301
18,1
10,300
18,3
10,299
10,298
10,266
14,1
10,224
14,3
10,180
13,1
10,170
10,152
13,3
10,148
10,117
10,111
10,80
10,73
10,72
10,69
10,30
10,10
10,3
10,2
10,1
9,7
